0101000010010001
0110011111100001
1010000010000010
0110100111010011
0010000111100010
1001100011111000
1100011101001011
0000110000000000
0111010100011111
0111011100000010
1010100001011001
0111100001111000
0111010100001000
1111110001000001
0100110011011111
1010010001010010
1110101111111000
0110101001101101
0100101011001110
0111010110100001
0010011111011110
1000100100100100
0101100101100000
0110111100011010
0010110111000001
0100000111111011
0011111000111101
1110010001101000
0010011111001101
1010101111010010
0011010010111111
1000100000100110
1100011011100100
1000101111010001
1001100011011101
0101001011001110
0011000111100000
1101000100101101
0111001101000001
1000100011010001
1111000001010001
1110000110101101
0100001111111000
0100101110010010
1010111111010110
1111110101100001
1111001000010001
0010010101110100
0011010110011000
0100000100110011
1100011010101001
0010111000000000
0010011110110100
1010100110100000
1001111001110110
1111111110010100
0111010110110001
1101011100100011
0001010111010100
1011100101001011
0100000001010011
1100000101001101
0000000110000110
0011001011110110
